# Array shape: (6, 6)

-0.52213     -0.21223     0.35174     0.44447     -0.53621     -0.51583     
0.30354     0.56508     -0.77785     -0.43581     0.24111     0.44826     
-0.12064     -0.70608     0.47812     0.72009     -0.55719     -0.34816     
-0.05594     -0.17899     0.25089     0.19382     0.01452     -0.08941     
0.14171     0.26689     -0.20213     -0.26541     0.35846     0.28198     
0.66074     0.55588     -0.66585     -0.86939     0.8877     0.80404     



Weight matrix A in (S,A): 

10353706.9658     -12538287.0685     -26078979.8357     3189448.28395     12613063.4646     -5317528.10681     
8303247.25627     -10364154.4913     -22732134.2081     -9154627.71496     17671202.3164    -17613301.8922     
20064803.6326     -17594930.3918     -37452497.3663     712659.744661     12337437.5358     -27129856.2524     
1356557.13847     -13606977.8073     -21053678.1643     -700261.769126     6396630.0116     -13247779.4546     
7530648.5911     -7914590.09859     -16631986.845     7268527.38713     16292265.4602     -15276283.1922     
8735320.4468     -17910827.4245     -16153305.1169     -1840091.49374     8875485.4634     -13655246.4768     
