# Array shape: (8, 6, 6)

0.86135     0.84352     0.89604     0.9333     0.63752     0.91224     
0.88705     0.84033     0.91502     0.9486     0.67033     0.92722     
0.88309     0.84067     0.91819     0.94968     0.65719     0.93163     
0.86424     0.84565     0.90915     0.94799     0.62858     0.92583     
0.88648     0.82268     0.90251     0.93626     0.67798     0.91502     
0.83545     0.8528     0.89248     0.94273     0.6184     0.90235     


0.87979     0.94328     0.88443     0.95586     0.90757     0.97284     
0.92665     0.94873     0.92631     0.98074     0.94518     0.98595     
0.93011     0.94872     0.9314     0.98237     0.94666     0.98663     
0.91333     0.94664     0.91697     0.97683     0.9358     0.98786     
0.91912     0.94867     0.92054     0.9785     0.93917     0.98547     
0.88608     0.944     0.88892     0.96213     0.91556     0.97929     


0.74552     0.86721     0.85794     0.88558     0.67138     0.91668     
0.82363     0.89769     0.9024     0.92588     0.73871     0.95655     
0.81829     0.89468     0.90585     0.9291     0.73496     0.95583     
0.8013     0.89194     0.89965     0.92341     0.71316     0.9481     
0.8074     0.89497     0.89704     0.92258     0.72336     0.94946     
0.77729     0.88371     0.88306     0.90965     0.69234     0.94013     


0.89292     0.92168     0.90489     0.85021     0.88407     0.92194     
0.92151     0.93331     0.92136     0.89556     0.88109     0.95554     
0.9238     0.92863     0.92794     0.89569     0.87082     0.95901     
0.91785     0.92332     0.92048     0.8899     0.86707     0.95207     
0.91103     0.92855     0.91563     0.87911     0.88588     0.94206     
0.90823     0.9255     0.91658     0.86773     0.87455     0.94075     


0.91905     0.94408     0.96554     0.95584     0.85584     0.97548     
0.92322     0.94524     0.97102     0.95876     0.8575     0.97762     
0.92316     0.9447     0.97142     0.95859     0.85788     0.97809     
0.91849     0.94905     0.9694     0.96102     0.84887     0.97784     
0.92227     0.94437     0.96669     0.95527     0.85566     0.97479     
0.92005     0.94397     0.96821     0.95906     0.85189     0.97745     


0.86466     0.87146     0.82955     0.92758     0.80033     0.8848     
0.91818     0.9237     0.88678     0.95741     0.86959     0.93147     
0.90914     0.91425     0.88008     0.95635     0.84626     0.92835     
0.90479     0.90718     0.87017     0.94884     0.8482     0.92335     
0.89861     0.90414     0.86553     0.94748     0.84477     0.91304     
0.89392     0.89936     0.86166     0.94566     0.83784     0.9193     


0.82664     0.81565     0.80786     0.89049     0.53722     0.87028     
0.90405     0.86064     0.88285     0.93139     0.66354     0.90458     
0.89416     0.85641     0.87762     0.93069     0.63774     0.9075     
0.86673     0.84255     0.84242     0.91174     0.5958     0.88593     
0.88437     0.84308     0.86385     0.91459     0.63309     0.88601     
0.87015     0.84278     0.8478     0.92572     0.58651     0.90635     


0.83162     0.96086     0.94976     0.93538     0.87793     0.9338     
0.8493     0.9717     0.96427     0.94118     0.89726     0.93482     
0.84632     0.96979     0.96345     0.94213     0.89498     0.93562     
0.85038     0.96501     0.96141     0.94413     0.88969     0.93644     
0.83913     0.96608     0.95572     0.93898     0.8874     0.93339     
0.85043     0.96788     0.96224     0.94438     0.89406     0.9327     


