# Array shape: (8, 6, 6)

-0.64587     -0.09375     0.25397     0.0071     0.74948     -0.03534     
-0.64997     -0.08493     0.24479     0.01424     0.75795     -0.03557     
-0.64505     -0.08265     0.24672     0.0144     0.76372     -0.04396     
-0.65778     -0.09651     0.2529     0.00535     0.77211     -0.04072     
-0.6303     -0.08405     0.23097     0.02541     0.73977     -0.03519     
-0.68669     -0.09958     0.27853     -0.00535     0.74551     0.00804     


-0.42932     -0.04711     -0.50372     -0.78967     -0.49448     -0.75543     
-0.49325     -0.05755     -0.51197     -0.81107     -0.53354     -0.76433     
-0.49728     -0.05518     -0.51109     -0.81036     -0.52927     -0.76301     
-0.47788     -0.05937     -0.50833     -0.80016     -0.51791     -0.75661     
-0.48026     -0.05326     -0.51055     -0.8066     -0.52439     -0.7625     
-0.44129     -0.0503     -0.50122     -0.7874     -0.49981     -0.75281     


-0.76384     -0.43873     -0.09733     -0.53535     0.64214     -0.19744     
-0.73074     -0.42464     -0.1116     -0.64664     0.60885     -0.3186     
-0.73196     -0.42051     -0.11343     -0.65049     0.60879     -0.31168     
-0.73482     -0.41982     -0.11111     -0.63862     0.62533     -0.30453     
-0.7387     -0.43083     -0.10741     -0.62438     0.61464     -0.29656     
-0.74128     -0.41569     -0.10556     -0.61299     0.62667     -0.28492     


-0.35764     -0.49655     0.11591     -0.24354     0.43503     -0.13383     
-0.36759     -0.53292     0.10818     -0.27351     0.41142     -0.15134     
-0.36445     -0.52797     0.09468     -0.258     0.42941     -0.15155     
-0.36935     -0.52292     0.08936     -0.25727     0.42842     -0.15071     
-0.36465     -0.51422     0.1128     -0.25918     0.41571     -0.14369     
-0.36195     -0.5146     0.10196     -0.25699     0.43744     -0.14096     


-0.6698     -0.44573     -0.14025     -0.31394     -0.05507     -0.02537     
-0.67013     -0.44534     -0.14245     -0.31398     -0.05261     -0.02599     
-0.67199     -0.44474     -0.14328     -0.31763     -0.05293     -0.02547     
-0.67191     -0.43798     -0.14461     -0.30784     -0.03863     -0.02695     
-0.66659     -0.44299     -0.13825     -0.30785     -0.05273     -0.02686     
-0.66785     -0.44014     -0.14263     -0.31     -0.04571     -0.02643     


-0.13805     -0.37217     0.00182     -0.08951     -0.54027     -0.07865     
-0.12726     -0.34932     -0.00059     -0.01515     -0.57025     -0.13154     
-0.13178     -0.36568     -0.00182     -0.04706     -0.54706     -0.12024     
-0.13744     -0.35053     0.01131     -0.04236     -0.55229     -0.1159     
-0.12945     -0.35933     0.00585     -0.03612     -0.56006     -0.10882     
-0.13538     -0.36012     0.00806     -0.05474     -0.55086     -0.1082     


-0.27068     0.24678     -0.01901     -0.50461     0.67601     -0.04088     
-0.25684     0.18867     -0.00512     -0.57275     0.64192     -0.15077     
-0.25051     0.18868     -0.01147     -0.57189     0.65736     -0.1494     
-0.26919     0.22942     -0.01262     -0.5455     0.6558     -0.07607     
-0.2722     0.21938     -0.00796     -0.55187     0.64984     -0.10855     
-0.23726     0.1995     -0.01634     -0.55707     0.68559     -0.12384     


-0.59059     -0.30911     -0.12009     -0.61917     -0.72151     -0.73202     
-0.59675     -0.3115     -0.12996     -0.64437     -0.72777     -0.76358     
-0.5937     -0.3139     -0.13001     -0.6393     -0.72327     -0.76042     
-0.59376     -0.31238     -0.12708     -0.63525     -0.71952     -0.75824     
-0.60058     -0.30813     -0.12321     -0.631     -0.73035     -0.74528     
-0.59752     -0.31169     -0.12978     -0.64245     -0.72541     -0.76019     


