# Array shape: (6, 6)

-0.80959     -0.40536     -0.19792     0.21578     -0.45747     -0.58343     
-0.03555     0.47403     0.08786     -0.52716     0.46753     -0.62134     
-0.00987     -0.23738     0.04472     -0.18776     0.18297     -0.41831     
0.35152     0.61126     -0.49975     0.15694     -0.22259     0.35906     
-0.45284     -0.80678     0.06947     0.67974     -0.47233     0.19214     
-0.31845     -0.58947     -0.06999     0.68583     -0.44296     0.27992     



Weight matrix A in (S,A): 

75.3025420555     -0.599090131081     -36.4598925783     1.5429541295     -2.39154884549  0.00509250702477     
5.64941023208     0.716339467835     -4.09644262041     -0.846115049265    -0.14991388837  -38.4906531425     
-10703719.3447     264413.360872     -18010940.4399     -493269.519233     -2716937.84454   -761282.129964     
-1102.27182165     13.6971682086     285.562627195     -16312.5018034     -337.302761618    -271.555809902     
-3580728.07123     -281956.85096     -4089812.72532     -4624147.56948     24948351.4687    -921618.021759     
-12607.3020579     166399.912629     -2303.7605374     -22740.7779761     2458.30204286     -6785.44256722     
