# Array shape: (6, 6)
X axis : Centres (Retail Prices)
Y axis : Independent Components

-0.02537     -0.27863     0.7914     0.38321     -0.24339     0.29888     
-0.00643     -0.27999     0.79161     0.34168     -0.23656     0.34958     
-0.00161     -0.28553     0.79674     0.34616     -0.22179     0.3386     
0.00047     -0.25392     0.80919     0.34803     -0.22333     0.33126     
-0.01235     -0.27586     0.78363     0.37517     -0.23103     0.33992     
-0.03449     -0.26843     0.8061     0.34437     -0.22082     0.33106     



Weight matrix A in (S,A): 

-3324158.29861     -36502268.0112     103679714.308     50203073.0623     -31885474.3559     39155844.4482     
-784597.020851     -34164222.2899     96592708.3993     41691839.562     -28864953.6807     42656351.2061     
-256764.281989     -45605305.6007     127255878.616     55288491.5127     -35424205.5623     54081064.7677     
64798.6262446     -34854730.9086     111074323.485     47772825.7887     -30655502.1217     45470314.9803     
-1982210.98023     -44278049.3679     125777814.534     60217640.54     -37081113.6567     54559167.9459     
-4364723.03446     -33966013.8796     102000792.634     43574583.2695     -27941544.7542     41891301.4682     
