# Array shape: (8, 7, 7)

1.0     0.66087     0.86937     0.89162     0.85153     0.83469     0.87522     
0.66087     1.0     0.77941     0.77139     0.83057     0.39342     0.78529     
0.86937     0.77941     1.0     0.99329     0.92582     0.63155     0.94942     
0.89162     0.77139     0.99329     1.0     0.92408     0.66216     0.94918     
0.85153     0.83057     0.92582     0.92408     1.0     0.60297     0.93087     
0.83469     0.39342     0.63155     0.66216     0.60297     1.0     0.64001     
0.87522     0.78529     0.94942     0.94918     0.93087     0.64001     1.0     


1.0     0.88075     0.95191     0.95604     0.95106     0.97556     0.90527     
0.88075     1.0     0.87686     0.87657     0.92645     0.90379     0.93714     
0.95191     0.87686     1.0     0.99613     0.94507     0.9231     0.92357     
0.95604     0.87657     0.99613     1.0     0.94299     0.93132     0.91763     
0.95106     0.92645     0.94507     0.94299     1.0     0.95772     0.97821     
0.97556     0.90379     0.9231     0.93132     0.95772     1.0     0.92266     
0.90527     0.93714     0.92357     0.91763     0.97821     0.92266     1.0     


1.0     0.77045     0.85965     0.88027     0.79457     0.86432     0.84448     
0.77045     1.0     0.83696     0.8249     0.86843     0.65631     0.88884     
0.85965     0.83696     1.0     0.99313     0.88776     0.76228     0.92887     
0.88027     0.8249     0.99313     1.0     0.88526     0.80303     0.92169     
0.79457     0.86843     0.88776     0.88526     1.0     0.73229     0.92784     
0.86432     0.65631     0.76228     0.80303     0.73229     1.0     0.75039     
0.84448     0.88884     0.92887     0.92169     0.92784     0.75039     1.0     


1.0     0.85446     0.89868     0.91976     0.87435     0.86461     0.92551     
0.85446     1.0     0.86595     0.86479     0.84926     0.8522     0.91008     
0.89868     0.86595     1.0     0.98583     0.81801     0.79775     0.92234     
0.91976     0.86479     0.98583     1.0     0.8481     0.79469     0.93838     
0.87435     0.84926     0.81801     0.8481     1.0     0.75325     0.93359     
0.86461     0.8522     0.79775     0.79469     0.75325     1.0     0.78541     
0.92551     0.91008     0.92234     0.93838     0.93359     0.78541     1.0     


1.0     0.85219     0.89827     0.9143     0.84926     0.90373     0.89987     
0.85219     1.0     0.90989     0.90643     0.92881     0.79069     0.93337     
0.89827     0.90989     1.0     0.99654     0.95933     0.84244     0.96358     
0.9143     0.90643     0.99654     1.0     0.9508     0.86192     0.96386     
0.84926     0.92881     0.95933     0.9508     1.0     0.77505     0.97178     
0.90373     0.79069     0.84244     0.86192     0.77505     1.0     0.85021     
0.89987     0.93337     0.96358     0.96386     0.97178     0.85021     1.0     


1.0     0.93826     0.94142     0.95295     0.92157     0.91018     0.91215     
0.93826     1.0     0.91761     0.93652     0.94488     0.90862     0.94453     
0.94142     0.91761     1.0     0.99452     0.90881     0.86343     0.9029     
0.95295     0.93652     0.99452     1.0     0.92414     0.88122     0.91672     
0.92157     0.94488     0.90881     0.92414     1.0     0.84822     0.95415     
0.91018     0.90862     0.86343     0.88122     0.84822     1.0     0.85062     
0.91215     0.94453     0.9029     0.91672     0.95415     0.85062     1.0     


1.0     0.81189     0.88927     0.91213     0.87108     0.80648     0.83892     
0.81189     1.0     0.81469     0.8189     0.87564     0.6225     0.85834     
0.88927     0.81469     1.0     0.99475     0.88719     0.75573     0.85124     
0.91213     0.8189     0.99475     1.0     0.89272     0.77404     0.85505     
0.87108     0.87564     0.88719     0.89272     1.0     0.64117     0.95762     
0.80648     0.6225     0.75573     0.77404     0.64117     1.0     0.57603     
0.83892     0.85834     0.85124     0.85505     0.95762     0.57603     1.0     


1.0     0.81664     0.87819     0.8835     0.82563     0.80723     0.76305     
0.81664     1.0     0.94833     0.95357     0.90689     0.88415     0.90027     
0.87819     0.94833     1.0     0.99829     0.9012     0.9154     0.92283     
0.8835     0.95357     0.99829     1.0     0.90969     0.92628     0.91837     
0.82563     0.90689     0.9012     0.90969     1.0     0.85336     0.87172     
0.80723     0.88415     0.9154     0.92628     0.85336     1.0     0.84668     
0.76305     0.90027     0.92283     0.91837     0.87172     0.84668     1.0     


