# Array shape: (8, 6, 6)

-0.49428     -0.66442     -0.52381     -0.65545     -0.33386     -0.49075     
-0.02605     -0.15614     -0.03552     -0.05654     0.0747     -0.02041     
0.13007     0.31366     0.2083     0.22066     0.10946     0.17026     
0.06409     -0.06623     0.04951     -0.00802     0.14821     0.05534     
0.6588     0.72793     0.74747     0.74838     0.3272     0.75142     
-0.08165     -0.04572     -0.13696     -0.06295     0.04887     -0.2495     


-0.59785     -0.47684     -0.57362     -0.52464     -0.57669     -0.4863     
-0.02672     -0.04276     -0.07433     -0.0397     -0.02969     -0.06356     
-0.50359     -0.47711     -0.47664     -0.51327     -0.51302     -0.49327     
-0.82673     -0.76157     -0.78449     -0.83051     -0.82915     -0.78104     
-0.55893     -0.49416     -0.51095     -0.51802     -0.59508     -0.46776     
-0.74698     -0.71076     -0.70618     -0.77281     -0.74449     -0.75796     


-0.57734     -0.62646     -0.62167     -0.65044     -0.46486     -0.68043     
-0.35558     -0.40768     -0.3966     -0.35113     -0.22705     -0.39487     
-0.13623     -0.12964     -0.11998     -0.12341     -0.17192     -0.13181     
-0.6763     -0.66677     -0.71179     -0.74094     -0.57911     -0.73482     
0.4652     0.60763     0.57065     0.56233     0.26028     0.59265     
-0.35913     -0.35807     -0.34819     -0.33325     -0.26839     -0.37463     


-0.35763     -0.38372     -0.3328     -0.31779     -0.31287     -0.36584     
-0.4914     -0.62325     -0.51966     -0.55967     -0.44834     -0.57804     
0.04594     0.09714     -0.0265     0.10654     0.16794     0.03366     
-0.3725     -0.26381     -0.20111     -0.33846     -0.37931     -0.28683     
0.29636     0.37344     0.46331     0.32033     0.14223     0.42349     
-0.14133     -0.13393     -0.15292     -0.21483     -0.08511     -0.18564     


-0.66943     -0.66972     -0.67122     -0.69452     -0.67166     -0.7031     
-0.48081     -0.46762     -0.45114     -0.45172     -0.51934     -0.48131     
-0.11643     -0.13909     -0.15033     -0.16688     -0.0581     -0.14526     
-0.32517     -0.29177     -0.33526     -0.33629     -0.37289     -0.28715     
-0.13328     -0.04301     -0.05773     -0.00286     -0.26834     -0.03715     
-0.02669     -0.0275     -0.02063     -0.01757     0.00044     -0.01393     


-0.08925     -0.09448     -0.04708     -0.09765     -0.05672     -0.10633     
-0.31185     -0.29781     -0.34443     -0.39839     -0.21961     -0.3556     
-0.04419     -0.06432     -0.08015     -0.02964     -0.04046     -0.04402     
0.12213     0.12009     0.14061     -0.03475     0.28905     0.03511     
-0.5327     -0.55912     -0.5077     -0.51929     -0.6818     -0.48808     
-0.19499     -0.22316     -0.17656     -0.16394     -0.21979     -0.22479     


-0.23263     -0.2253     -0.19757     -0.15113     -0.22145     -0.09943     
0.11481     0.07565     0.02725     0.07927     0.02921     0.01987     
0.00307     0.05999     0.00383     0.01215     0.06346     0.00216     
-0.54951     -0.5919     -0.59347     -0.66686     -0.45731     -0.61675     
0.51472     0.51963     0.51829     0.65064     0.15772     0.68345     
-0.28478     -0.18995     -0.3328     -0.2937     -0.29337     -0.40299     


-0.62238     -0.57166     -0.55548     -0.59358     -0.54585     -0.50824     
-0.22279     -0.31683     -0.31586     -0.30197     -0.27684     -0.30444     
-0.14035     -0.15343     -0.16695     -0.11928     -0.13167     -0.12384     
-0.61418     -0.6724     -0.64745     -0.63816     -0.64299     -0.60684     
-0.65946     -0.69577     -0.68241     -0.6539     -0.7116     -0.65919     
-0.712     -0.7901     -0.81046     -0.74316     -0.7692     -0.74341     


